%% Introduction
% 20131217 Lab 12:40
A = 0.9^(512)